"","V1","V2","V3","V4","V5","V6","V7","V8","V9","V10","V11","V12","V13","V14","V15","V16","V17","V18","V19","V20"
"1",0,0,0,0,1,0,0,0,0,1,0,0,0,0,1,0,1,0,1,0
"2",0,0,0,0,0,0,1,1,0,0,0,1,1,0,0,0,0,0,0,0
"3",0,0,0,0,1,0,0,0,0,0,1,1,0,0,1,0,0,0,0,1
"4",0,0,0,0,0,0,1,0,0,1,0,0,1,0,1,0,0,0,0,0
"5",0,0,0,0,0,1,0,0,0,0,0,0,0,0,1,0,0,0,1,0
"6",0,0,0,0,0,0,1,1,0,0,0,1,1,0,0,0,0,0,0,0
"7",0,0,0,0,0,0,1,0,0,1,1,0,0,0,1,0,0,0,0,0
"8",0,0,0,0,0,1,0,0,0,0,1,0,0,0,1,0,0,0,0,1
"9",0,0,0,0,0,0,0,0,0,0,0,0,0,0,1,0,1,0,1,0
"10",0,0,0,1,1,0,0,1,0,0,0,1,0,0,0,0,1,0,0,0
"11",1,0,0,0,1,0,1,0,0,0,0,0,1,0,1,0,0,0,1,0
"12",0,0,0,0,1,0,0,0,0,0,0,0,0,0,1,0,1,0,1,1
"13",0,0,0,0,0,0,1,0,0,1,0,0,1,0,1,0,0,0,0,0
"14",0,0,0,0,1,0,0,0,0,0,0,0,0,0,1,0,0,0,1,0
"15",0,0,0,0,1,0,0,0,0,0,0,0,0,1,1,0,0,1,0,0
"16",0,0,0,0,0,1,0,0,0,0,1,1,0,0,0,0,0,0,0,1
"17",0,0,0,0,1,0,1,0,0,1,0,0,0,0,1,0,0,1,0,0
"18",0,0,0,0,1,0,0,0,0,1,0,0,0,0,1,0,1,0,1,0
"19",0,0,0,0,0,0,0,0,0,0,1,0,0,0,1,0,0,0,1,0
"20",0,0,0,1,1,0,0,0,0,0,0,0,0,0,1,0,0,0,0,0
"21",0,0,0,0,0,0,0,0,0,1,0,0,0,0,1,0,0,0,0,0
"22",0,0,0,0,1,0,0,0,0,0,0,0,1,0,1,0,0,1,1,0
"23",0,0,0,0,1,0,0,0,0,0,0,1,0,0,0,0,1,1,1,0
"24",0,0,1,0,1,0,0,0,0,0,0,0,1,0,1,0,1,0,1,0
"25",1,0,0,0,0,0,1,1,0,0,0,0,1,0,0,0,0,0,0,0
"26",0,0,0,0,0,0,0,0,0,0,0,0,0,1,1,0,0,0,1,1
"27",0,0,1,0,1,0,0,0,0,0,0,0,0,0,1,0,1,0,1,1
"28",0,0,0,0,0,0,1,0,0,1,0,0,0,0,1,0,0,0,0,0
"29",0,0,0,0,1,0,1,1,0,0,0,1,1,0,0,0,0,0,0,0
"30",0,0,0,0,0,0,1,1,0,0,0,1,1,0,0,0,0,0,0,0
"31",0,0,0,0,0,0,1,0,0,1,1,0,0,1,1,0,0,1,0,0
"32",0,0,1,0,0,0,0,0,0,0,0,0,0,0,0,0,1,0,1,0
"33",0,0,0,0,1,0,0,0,0,0,0,1,0,0,0,0,0,0,1,0
"34",0,0,0,0,1,0,0,0,0,1,0,0,0,0,0,0,0,1,0,0
"35",0,0,0,0,1,0,0,0,0,0,0,0,0,0,1,0,1,0,1,0
"36",1,0,0,0,1,1,0,0,0,0,0,1,0,0,1,0,0,0,0,0
"37",0,0,0,0,1,0,0,0,0,1,1,0,0,0,1,0,0,0,1,0
"38",0,0,1,0,1,1,0,0,0,0,0,0,0,0,1,0,1,0,1,0
"39",0,0,0,0,1,0,1,0,0,1,0,0,0,0,1,0,0,1,1,0
"40",0,0,0,0,1,0,0,0,0,1,0,0,0,0,1,0,0,0,1,0
"41",0,0,0,0,1,0,0,0,0,0,0,0,0,0,0,0,0,0,0,1
"42",0,0,0,0,1,0,0,0,0,1,0,0,0,0,1,0,0,1,1,0
"43",0,0,0,0,1,0,1,0,0,1,0,0,0,0,1,0,0,1,0,0
"44",1,0,0,0,0,0,1,1,0,0,0,1,1,0,0,0,0,0,0,0
"45",1,0,0,0,0,1,1,0,0,0,0,0,1,0,1,0,0,0,1,0
"46",1,0,0,0,0,0,1,0,0,0,0,1,1,0,0,0,0,0,0,0
"47",0,0,0,0,1,0,0,0,0,0,0,0,0,0,1,0,0,0,1,0
"48",0,0,0,0,0,0,1,1,0,1,0,0,1,0,0,0,0,1,0,0
"49",1,0,0,0,1,0,1,1,0,0,0,1,1,0,0,0,0,0,1,0
"50",1,0,0,0,0,0,1,0,0,0,0,1,1,0,0,0,0,0,0,0
"51",0,0,0,0,1,0,0,0,0,0,0,0,0,0,1,1,1,1,1,0
"52",0,0,0,0,1,0,0,0,0,0,1,0,0,0,1,0,0,0,1,1
"53",0,0,0,0,1,0,0,0,0,0,1,0,0,0,1,0,0,0,1,1
"54",1,0,0,0,0,0,0,0,0,0,0,1,0,0,0,0,0,0,0,0
"55",0,0,0,0,1,0,0,0,0,0,0,0,0,0,1,0,0,1,1,0
"56",0,0,0,0,1,0,0,0,0,0,0,0,0,0,1,0,0,0,1,0
"57",0,0,1,0,1,0,0,0,0,0,1,0,0,0,1,0,0,0,0,0
"58",0,0,0,0,1,0,0,0,0,1,0,0,0,0,1,0,0,0,1,0
"59",0,0,0,0,1,0,0,0,0,0,0,0,0,0,1,0,0,0,1,0
"60",0,0,0,0,1,0,0,0,0,0,1,0,0,0,1,0,0,0,1,0
"61",0,0,0,0,0,0,0,1,0,0,0,1,1,0,0,0,1,0,1,0
"62",0,0,0,0,1,0,0,0,0,0,0,1,0,1,0,0,1,0,1,1
"63",0,0,0,0,1,0,0,0,0,0,0,0,0,0,1,0,0,0,1,0
"64",0,0,0,0,0,0,0,0,0,0,1,0,0,0,1,0,0,0,1,0
"65",0,0,0,0,0,0,0,0,0,1,0,0,0,0,1,0,1,0,1,0
"66",1,0,0,0,0,0,1,0,0,0,0,0,1,0,0,0,0,1,1,0
"67",0,0,0,0,1,0,0,0,0,0,1,0,0,0,0,0,0,0,1,0
"68",0,0,0,0,0,0,0,0,1,0,0,0,0,0,0,0,1,0,1,0
"69",0,0,0,0,1,0,0,0,0,0,0,0,0,0,1,0,1,0,1,1
"70",0,0,0,0,0,0,1,1,0,0,0,1,1,0,0,0,0,0,0,0
"71",1,0,0,0,1,0,0,0,0,0,0,0,0,0,1,0,0,0,1,0
"72",1,0,0,0,1,0,1,0,0,0,0,0,1,0,1,0,0,0,1,0
"73",0,0,0,0,1,0,0,0,0,0,1,1,0,0,1,0,0,0,1,0
"74",0,0,0,0,1,0,0,0,0,1,0,0,0,0,1,0,0,0,1,0
"75",0,0,0,0,0,0,1,1,0,0,0,0,1,0,1,0,0,0,0,0
"76",0,0,0,0,0,0,1,1,0,0,0,1,1,0,0,0,0,0,0,0
"77",0,0,0,0,1,0,0,0,0,0,0,0,0,0,1,0,0,0,0,1
"78",0,0,0,0,1,0,0,0,0,0,0,0,0,0,1,0,1,0,1,1
"79",0,0,0,0,1,0,0,0,0,1,1,0,0,0,1,0,0,0,1,0
"80",0,0,0,0,1,0,0,0,0,0,0,0,0,0,0,0,1,0,1,0
"81",0,0,0,0,1,0,0,0,0,0,0,0,0,0,1,0,1,0,1,1
"82",0,0,0,0,1,0,0,0,0,0,1,0,0,0,1,0,0,0,1,1
"83",0,0,1,0,1,0,0,0,0,0,0,0,0,0,1,0,1,0,1,1
"84",0,0,0,0,1,0,1,0,0,1,0,0,0,0,1,0,0,1,0,0
"85",0,0,0,0,1,0,0,0,0,0,0,0,0,0,1,0,1,0,1,0
"86",0,0,0,0,0,0,0,0,0,0,1,0,0,0,1,0,0,1,1,0
"87",0,0,0,0,0,0,0,0,0,0,0,0,1,0,0,0,0,1,1,0
"88",0,0,0,0,1,0,0,0,1,1,0,0,0,0,1,0,0,0,0,0
"89",0,0,0,0,1,0,0,0,0,0,1,1,0,0,0,1,0,0,0,0
"90",0,0,1,0,1,0,0,0,0,0,1,1,0,0,1,0,1,0,1,1
"91",0,0,0,0,0,0,0,0,0,1,1,0,0,0,1,0,0,1,1,0
"92",0,0,0,0,0,0,1,0,0,1,0,0,0,1,1,0,0,1,0,0
"93",0,0,0,0,1,0,0,0,0,1,0,0,0,0,1,0,0,1,0,0
"94",0,0,0,0,1,0,0,0,0,0,1,0,0,0,1,0,0,0,1,0
"95",0,0,0,0,0,0,0,0,0,0,1,0,0,0,1,1,0,0,1,0
"96",0,0,0,0,1,0,0,0,0,0,0,0,0,0,1,0,1,1,1,0
"97",0,0,0,0,0,0,0,0,0,0,1,0,1,0,1,0,0,0,1,0
"98",0,0,0,0,0,0,1,0,0,1,0,0,0,0,1,0,0,1,0,0
"99",1,0,0,0,1,0,0,0,0,0,0,0,0,0,1,0,0,0,1,0
"100",0,0,0,0,0,0,0,0,0,0,1,0,0,0,1,0,0,0,1,0
"101",0,0,0,0,0,0,1,1,0,0,1,0,1,0,0,0,0,1,1,0
"102",0,0,0,0,1,0,0,0,0,0,1,0,0,0,1,0,0,0,1,0
"103",0,0,0,0,0,0,0,0,0,0,0,1,0,0,0,0,0,0,1,0
"104",0,0,0,0,0,0,1,0,0,1,1,1,0,0,0,1,0,0,1,0
"105",0,0,0,0,0,0,0,0,0,1,1,0,0,0,1,0,0,0,1,0
"106",1,0,0,0,1,0,0,0,0,0,0,0,0,1,0,0,1,0,0,0
"107",1,0,0,0,1,1,0,0,0,0,0,1,0,0,0,0,0,0,0,0
"108",0,0,0,0,0,1,0,0,0,0,1,0,0,0,1,0,0,1,0,0
"109",1,0,0,0,0,0,1,0,0,0,0,1,1,0,0,0,0,0,0,0
"110",0,0,0,0,1,0,0,0,0,0,1,0,0,1,1,0,0,0,1,1
"111",0,0,1,0,1,1,0,0,0,0,0,0,0,0,1,0,1,0,0,0
"112",0,0,1,0,1,0,0,0,0,0,0,1,0,0,1,0,1,0,1,0
"113",0,0,0,0,1,0,0,0,0,0,0,0,0,0,1,0,0,0,1,0
"114",0,0,0,0,1,0,0,0,0,0,0,1,0,0,1,0,0,0,1,0
"115",1,0,0,0,1,0,0,0,0,0,0,1,0,0,0,0,1,0,1,0
"116",0,0,0,0,0,0,1,0,0,0,1,1,1,0,0,1,0,0,0,0
"117",0,0,0,0,1,0,0,1,0,0,0,0,0,0,1,0,0,1,1,0
"118",0,0,0,0,0,0,1,0,0,0,0,0,1,0,0,0,0,1,0,0
"119",0,0,0,0,1,0,0,0,0,1,0,0,0,0,1,0,1,0,1,0
"120",0,0,0,0,1,0,0,0,0,0,0,0,0,0,1,0,1,0,1,0
"121",0,0,0,0,1,0,0,0,0,0,0,1,0,0,1,0,0,0,1,0
"122",1,0,0,0,0,0,1,1,0,0,0,1,1,0,0,0,0,0,0,0
"123",0,0,0,0,1,0,0,0,0,0,0,0,0,0,1,0,0,0,1,0
"124",0,0,1,1,1,0,0,0,0,0,0,0,0,1,0,0,0,0,0,0
"125",0,0,0,0,0,0,0,0,0,0,1,0,0,0,1,0,0,0,1,0
"126",0,0,0,0,0,0,0,1,0,0,0,1,1,0,0,0,0,0,0,0
"127",0,0,0,0,1,0,0,0,0,0,0,1,0,0,1,0,0,0,0,0
"128",1,0,0,0,0,0,1,0,0,0,0,1,1,0,0,0,0,0,1,0
"129",0,0,0,0,0,0,0,0,0,0,0,0,1,0,1,0,1,1,1,0
"130",0,0,0,0,0,0,1,0,0,1,0,0,1,0,0,0,0,0,0,0
"131",0,0,0,0,1,0,0,0,0,0,0,0,0,0,1,0,0,0,1,0
"132",0,0,0,0,0,0,0,0,0,0,0,0,0,0,0,0,0,1,1,0
"133",0,0,0,0,1,0,0,0,0,0,0,0,0,0,1,0,0,0,1,0
"134",1,0,0,0,1,0,1,0,0,0,0,1,1,0,0,0,0,0,0,0
"135",0,0,0,0,1,0,0,0,0,0,0,1,0,0,1,0,1,0,1,1
"136",0,0,0,0,1,0,0,0,0,0,1,0,0,0,1,0,0,0,1,0
"137",0,0,0,0,0,0,1,0,0,1,0,0,0,0,1,0,0,0,0,0
"138",0,0,0,0,0,0,0,1,0,0,0,1,1,0,0,1,0,0,0,0
"139",0,0,0,0,1,0,0,0,0,0,0,0,0,0,1,0,0,1,0,0
"140",0,0,1,0,1,0,1,0,0,0,0,0,1,0,1,0,1,0,1,0
"141",0,0,0,0,1,0,0,0,0,1,0,0,0,0,1,0,1,0,1,0
"142",0,0,0,0,1,0,0,0,0,0,1,1,0,0,1,0,0,0,1,0
"143",0,0,0,0,1,0,0,0,0,1,0,0,0,0,1,0,0,1,1,0
"144",1,0,0,0,0,0,1,1,0,0,0,0,1,0,0,0,0,0,0,0
"145",0,0,0,1,0,0,0,0,0,0,0,0,0,1,0,0,0,0,1,0
"146",0,0,0,0,0,0,1,1,0,0,0,1,1,0,0,1,0,0,0,0
"147",0,0,0,0,1,0,0,0,0,0,1,0,0,0,1,0,0,1,0,0
"148",0,0,0,0,1,0,0,0,0,0,1,1,0,0,1,1,0,0,1,0
"149",0,0,0,0,1,0,0,0,0,1,0,0,0,0,1,0,0,1,1,0
"150",0,0,0,0,0,0,0,0,0,0,0,0,0,0,1,0,0,1,1,0
"151",0,0,0,0,0,0,1,0,0,0,0,0,1,0,1,0,0,1,0,0
"152",0,0,0,0,1,1,0,0,0,1,0,0,0,0,1,0,0,0,1,0
"153",0,0,0,0,0,1,0,0,1,0,0,0,0,0,1,0,1,0,0,0
"154",0,0,0,0,1,0,0,0,0,0,0,0,0,0,1,0,0,0,1,0
"155",1,0,0,0,0,0,1,0,0,0,0,0,1,0,0,0,0,0,0,0
"156",0,0,0,0,0,0,1,0,0,0,0,0,1,0,0,0,0,0,0,0
"157",0,0,0,0,1,0,0,0,0,0,1,0,0,0,1,0,0,0,1,0
"158",1,0,0,0,1,0,0,0,0,0,0,1,0,0,0,1,0,0,0,0
"159",0,0,0,0,1,0,0,0,0,0,1,0,0,0,1,0,1,0,1,0
"160",0,0,0,0,1,0,0,0,0,1,1,0,0,0,1,0,0,0,1,0
"161",0,0,0,0,1,0,0,0,0,1,0,0,0,0,1,0,0,1,1,0
"162",0,0,0,0,0,0,1,0,0,0,0,0,0,0,0,0,0,1,0,0
"163",0,0,0,0,1,0,0,0,0,1,0,0,0,0,1,0,0,1,0,0
"164",0,0,1,0,1,0,0,0,0,0,0,0,0,0,1,0,1,0,1,0
"165",0,0,0,0,0,0,0,0,0,0,0,0,0,0,1,0,1,0,1,1
"166",0,0,0,0,1,0,0,0,0,1,0,0,0,0,1,0,0,0,0,0
"167",0,0,0,0,1,0,0,0,0,0,0,0,0,0,1,0,0,0,1,0
"168",0,0,0,0,1,0,0,0,0,0,0,0,0,0,1,0,0,0,1,0
"169",0,0,0,0,1,0,0,0,0,0,0,0,0,0,1,0,0,0,1,0
"170",0,0,0,0,1,0,0,0,0,0,0,0,0,0,1,0,0,1,1,0
"171",0,0,0,0,1,0,0,0,0,0,0,0,0,0,1,0,1,0,1,1
"172",0,0,0,0,1,0,0,0,0,0,0,0,0,0,1,0,1,0,1,0
"173",1,0,0,0,1,0,0,0,0,0,0,0,0,0,1,0,0,0,1,0
"174",0,0,0,0,1,0,0,0,0,0,0,0,0,0,1,0,1,0,1,0
"175",0,0,0,0,1,0,0,0,0,0,0,0,0,0,1,0,0,0,1,0
"176",0,0,1,0,1,0,0,0,0,0,0,0,0,0,1,0,1,0,1,1
"177",0,0,0,0,1,0,0,0,0,0,0,0,0,0,1,0,0,0,1,0
"178",0,0,0,0,0,0,1,1,0,0,0,1,1,0,0,0,0,0,0,0
"179",0,1,0,0,0,0,0,0,0,0,0,0,0,0,0,0,0,1,1,0
"180",0,0,0,1,1,0,0,0,0,0,0,0,0,0,1,0,1,0,1,1
"181",0,0,0,0,1,0,1,0,0,0,0,0,1,0,1,0,0,0,1,0
"182",0,0,0,0,1,0,0,0,0,0,0,0,0,0,1,0,1,0,1,1
"183",0,0,0,0,1,0,0,0,0,0,0,0,0,0,1,0,1,0,1,0
"184",0,0,0,0,1,0,0,0,0,0,0,0,1,0,1,0,0,0,1,0
"185",0,0,0,0,1,1,0,0,0,0,1,0,1,0,1,0,0,0,0,0
"186",0,0,0,0,0,0,0,0,0,0,0,0,0,0,1,0,0,1,1,0
"187",1,0,0,0,1,0,0,0,0,0,0,0,0,1,1,0,0,0,0,0
"188",0,0,0,0,0,0,0,0,0,0,1,0,0,0,1,1,0,0,1,0
"189",0,0,0,0,0,0,0,0,0,0,0,0,0,0,1,0,1,1,1,0
"190",0,0,0,0,1,0,0,0,0,0,0,1,0,0,1,0,0,0,1,0
"191",0,0,0,0,1,1,0,0,1,0,0,0,0,0,1,0,0,0,0,1
"192",0,0,0,0,1,0,0,0,0,1,1,0,0,0,1,0,1,0,1,0
"193",0,0,0,0,1,0,0,0,0,1,1,0,0,0,1,0,1,0,1,0
"194",0,0,0,0,0,0,1,1,0,0,0,1,1,0,0,0,0,0,0,0
"195",0,0,0,0,1,0,0,0,0,1,0,0,0,0,1,0,1,0,1,0
"196",0,0,0,0,1,0,1,0,0,1,0,0,0,0,1,0,0,0,1,0
"197",0,0,0,0,1,0,0,0,0,0,1,0,0,1,1,0,0,0,1,0
"198",0,0,0,0,0,0,0,0,0,1,0,0,0,0,1,0,0,0,1,0
"199",0,0,0,0,1,0,0,0,0,0,0,0,0,0,1,0,0,0,0,1
"200",0,0,0,0,0,0,0,0,0,0,1,0,0,0,0,0,0,0,0,0
